2,0,0,0,2,0,0,0,-v1
2,0,0,0,-2,0,0,0,-v1
2,0,0,0,1,1,0,0,v1 - v2*1i
2,0,0,0,-1,-1,0,0,v1 - v2*1i
2,0,0,0,1,-1,0,0,v2*1i - v1
2,0,0,0,-1,1,0,0,v2*1i - v1
2,0,0,0,1,0,1,0,v1 - v2*1i
2,0,0,0,-1,0,-1,0,v1 - v2*1i
2,0,0,0,1,0,-1,0,v2*1i - v1
2,0,0,0,-1,0,1,0,v2*1i - v1
2,0,0,0,1,0,0,1,v1 - v2*1i
2,0,0,0,-1,0,0,-1,v1 - v2*1i
2,0,0,0,1,0,0,-1,v2*1i - v1
2,0,0,0,-1,0,0,1,v2*1i - v1
2,0,0,0,0,2,0,0,v1
2,0,0,0,0,-2,0,0,v1
2,0,0,0,0,1,1,0,v1 + v2*1i
2,0,0,0,0,-1,-1,0,v1 + v2*1i
2,0,0,0,0,1,-1,0,v1 + v2*1i
2,0,0,0,0,-1,1,0,v1 + v2*1i
2,0,0,0,0,1,0,1,v1 + v2*1i
2,0,0,0,0,-1,0,-1,v1 + v2*1i
2,0,0,0,0,1,0,-1,v1 + v2*1i
2,0,0,0,0,-1,0,1,v1 + v2*1i
2,0,0,0,0,0,2,0,v1
2,0,0,0,0,0,-2,0,v1
2,0,0,0,0,0,1,1,v1 + v2*1i
2,0,0,0,0,0,-1,-1,v1 + v2*1i
2,0,0,0,0,0,1,-1,v1 + v2*1i
2,0,0,0,0,0,-1,1,v1 + v2*1i
2,0,0,0,0,0,0,2,v1
2,0,0,0,0,0,0,-2,v1
-2,0,0,0,2,0,0,0,-v1
-2,0,0,0,-2,0,0,0,-v1
-2,0,0,0,1,1,0,0,v2*1i - v1
-2,0,0,0,-1,-1,0,0,v2*1i - v1
-2,0,0,0,1,-1,0,0,v1 - v2*1i
-2,0,0,0,-1,1,0,0,v1 - v2*1i
-2,0,0,0,1,0,1,0,v2*1i - v1
-2,0,0,0,-1,0,-1,0,v2*1i - v1
-2,0,0,0,1,0,-1,0,v1 - v2*1i
-2,0,0,0,-1,0,1,0,v1 - v2*1i
-2,0,0,0,1,0,0,1,v2*1i - v1
-2,0,0,0,-1,0,0,-1,v2*1i - v1
-2,0,0,0,1,0,0,-1,v1 - v2*1i
-2,0,0,0,-1,0,0,1,v1 - v2*1i
-2,0,0,0,0,2,0,0,v1
-2,0,0,0,0,-2,0,0,v1
-2,0,0,0,0,1,1,0,v1 + v2*1i
-2,0,0,0,0,-1,-1,0,v1 + v2*1i
-2,0,0,0,0,1,-1,0,v1 + v2*1i
-2,0,0,0,0,-1,1,0,v1 + v2*1i
-2,0,0,0,0,1,0,1,v1 + v2*1i
-2,0,0,0,0,-1,0,-1,v1 + v2*1i
-2,0,0,0,0,1,0,-1,v1 + v2*1i
-2,0,0,0,0,-1,0,1,v1 + v2*1i
-2,0,0,0,0,0,2,0,v1
-2,0,0,0,0,0,-2,0,v1
-2,0,0,0,0,0,1,1,v1 + v2*1i
-2,0,0,0,0,0,-1,-1,v1 + v2*1i
-2,0,0,0,0,0,1,-1,v1 + v2*1i
-2,0,0,0,0,0,-1,1,v1 + v2*1i
-2,0,0,0,0,0,0,2,v1
-2,0,0,0,0,0,0,-2,v1
1,1,0,0,2,0,0,0,-v1
1,1,0,0,-2,0,0,0,-v1
1,1,0,0,1,1,0,0,- v1 - v2*1i
1,1,0,0,-1,-1,0,0,- v1 - v2*1i
1,1,0,0,1,-1,0,0,v2*1i - v1
1,1,0,0,-1,1,0,0,v2*1i - v1
1,1,0,0,1,0,1,0,v1 - v2*1i
1,1,0,0,-1,0,-1,0,v1 - v2*1i
1,1,0,0,1,0,-1,0,v2*1i - v1
1,1,0,0,-1,0,1,0,v2*1i - v1
1,1,0,0,1,0,0,1,v1 - v2*1i
1,1,0,0,-1,0,0,-1,v1 - v2*1i
1,1,0,0,1,0,0,-1,v2*1i - v1
1,1,0,0,-1,0,0,1,v2*1i - v1
1,1,0,0,0,2,0,0,-v1
1,1,0,0,0,-2,0,0,-v1
1,1,0,0,0,1,1,0,v1 - v2*1i
1,1,0,0,0,-1,-1,0,v1 - v2*1i
1,1,0,0,0,1,-1,0,v2*1i - v1
1,1,0,0,0,-1,1,0,v2*1i - v1
1,1,0,0,0,1,0,1,v1 - v2*1i
1,1,0,0,0,-1,0,-1,v1 - v2*1i
1,1,0,0,0,1,0,-1,v2*1i - v1
1,1,0,0,0,-1,0,1,v2*1i - v1
1,1,0,0,0,0,2,0,v1
1,1,0,0,0,0,-2,0,v1
1,1,0,0,0,0,1,1,v1 + v2*1i
1,1,0,0,0,0,-1,-1,v1 + v2*1i
1,1,0,0,0,0,1,-1,v1 + v2*1i
1,1,0,0,0,0,-1,1,v1 + v2*1i
1,1,0,0,0,0,0,2,v1
1,1,0,0,0,0,0,-2,v1
-1,-1,0,0,2,0,0,0,-v1
-1,-1,0,0,-2,0,0,0,-v1
-1,-1,0,0,1,1,0,0,- v1 - v2*1i
-1,-1,0,0,-1,-1,0,0,- v1 - v2*1i
-1,-1,0,0,1,-1,0,0,v2*1i - v1
-1,-1,0,0,-1,1,0,0,v2*1i - v1
-1,-1,0,0,1,0,1,0,v2*1i - v1
-1,-1,0,0,-1,0,-1,0,v2*1i - v1
-1,-1,0,0,1,0,-1,0,v1 - v2*1i
-1,-1,0,0,-1,0,1,0,v1 - v2*1i
-1,-1,0,0,1,0,0,1,v2*1i - v1
-1,-1,0,0,-1,0,0,-1,v2*1i - v1
-1,-1,0,0,1,0,0,-1,v1 - v2*1i
-1,-1,0,0,-1,0,0,1,v1 - v2*1i
-1,-1,0,0,0,2,0,0,-v1
-1,-1,0,0,0,-2,0,0,-v1
-1,-1,0,0,0,1,1,0,v2*1i - v1
-1,-1,0,0,0,-1,-1,0,v2*1i - v1
-1,-1,0,0,0,1,-1,0,v1 - v2*1i
-1,-1,0,0,0,-1,1,0,v1 - v2*1i
-1,-1,0,0,0,1,0,1,v2*1i - v1
-1,-1,0,0,0,-1,0,-1,v2*1i - v1
-1,-1,0,0,0,1,0,-1,v1 - v2*1i
-1,-1,0,0,0,-1,0,1,v1 - v2*1i
-1,-1,0,0,0,0,2,0,v1
-1,-1,0,0,0,0,-2,0,v1
-1,-1,0,0,0,0,1,1,v1 + v2*1i
-1,-1,0,0,0,0,-1,-1,v1 + v2*1i
-1,-1,0,0,0,0,1,-1,v1 + v2*1i
-1,-1,0,0,0,0,-1,1,v1 + v2*1i
-1,-1,0,0,0,0,0,2,v1
-1,-1,0,0,0,0,0,-2,v1
1,-1,0,0,2,0,0,0,v1
1,-1,0,0,-2,0,0,0,v1
1,-1,0,0,1,1,0,0,v2*1i - v1
1,-1,0,0,-1,-1,0,0,v2*1i - v1
1,-1,0,0,1,-1,0,0,- v1 - v2*1i
1,-1,0,0,-1,1,0,0,- v1 - v2*1i
1,-1,0,0,1,0,1,0,- v1 - v2*1i
1,-1,0,0,-1,0,-1,0,- v1 - v2*1i
1,-1,0,0,1,0,-1,0,- v1 - v2*1i
1,-1,0,0,-1,0,1,0,- v1 - v2*1i
1,-1,0,0,1,0,0,1,- v1 - v2*1i
1,-1,0,0,-1,0,0,-1,- v1 - v2*1i
1,-1,0,0,1,0,0,-1,- v1 - v2*1i
1,-1,0,0,-1,0,0,1,- v1 - v2*1i
1,-1,0,0,0,2,0,0,v1
1,-1,0,0,0,-2,0,0,v1
1,-1,0,0,0,1,1,0,v1 + v2*1i
1,-1,0,0,0,-1,-1,0,v1 + v2*1i
1,-1,0,0,0,1,-1,0,v1 + v2*1i
1,-1,0,0,0,-1,1,0,v1 + v2*1i
1,-1,0,0,0,1,0,1,v1 + v2*1i
1,-1,0,0,0,-1,0,-1,v1 + v2*1i
1,-1,0,0,0,1,0,-1,v1 + v2*1i
1,-1,0,0,0,-1,0,1,v1 + v2*1i
1,-1,0,0,0,0,2,0,v1
1,-1,0,0,0,0,-2,0,v1
1,-1,0,0,0,0,1,1,v1 + v2*1i
1,-1,0,0,0,0,-1,-1,v1 + v2*1i
1,-1,0,0,0,0,1,-1,v1 + v2*1i
1,-1,0,0,0,0,-1,1,v1 + v2*1i
1,-1,0,0,0,0,0,2,v1
1,-1,0,0,0,0,0,-2,v1
-1,1,0,0,2,0,0,0,v1
-1,1,0,0,-2,0,0,0,v1
-1,1,0,0,1,1,0,0,v2*1i - v1
-1,1,0,0,-1,-1,0,0,v2*1i - v1
-1,1,0,0,1,-1,0,0,- v1 - v2*1i
-1,1,0,0,-1,1,0,0,- v1 - v2*1i
-1,1,0,0,1,0,1,0,v1 + v2*1i
-1,1,0,0,-1,0,-1,0,v1 + v2*1i
-1,1,0,0,1,0,-1,0,v1 + v2*1i
-1,1,0,0,-1,0,1,0,v1 + v2*1i
-1,1,0,0,1,0,0,1,v1 + v2*1i
-1,1,0,0,-1,0,0,-1,v1 + v2*1i
-1,1,0,0,1,0,0,-1,v1 + v2*1i
-1,1,0,0,-1,0,0,1,v1 + v2*1i
-1,1,0,0,0,2,0,0,v1
-1,1,0,0,0,-2,0,0,v1
-1,1,0,0,0,1,1,0,- v1 - v2*1i
-1,1,0,0,0,-1,-1,0,- v1 - v2*1i
-1,1,0,0,0,1,-1,0,- v1 - v2*1i
-1,1,0,0,0,-1,1,0,- v1 - v2*1i
-1,1,0,0,0,1,0,1,- v1 - v2*1i
-1,1,0,0,0,-1,0,-1,- v1 - v2*1i
-1,1,0,0,0,1,0,-1,- v1 - v2*1i
-1,1,0,0,0,-1,0,1,- v1 - v2*1i
-1,1,0,0,0,0,2,0,v1
-1,1,0,0,0,0,-2,0,v1
-1,1,0,0,0,0,1,1,v1 + v2*1i
-1,1,0,0,0,0,-1,-1,v1 + v2*1i
-1,1,0,0,0,0,1,-1,v1 + v2*1i
-1,1,0,0,0,0,-1,1,v1 + v2*1i
-1,1,0,0,0,0,0,2,v1
-1,1,0,0,0,0,0,-2,v1
1,0,1,0,2,0,0,0,-v1
1,0,1,0,-2,0,0,0,-v1
1,0,1,0,1,1,0,0,v1 - v2*1i
1,0,1,0,-1,-1,0,0,v1 - v2*1i
1,0,1,0,1,-1,0,0,- v1 - v2*1i
1,0,1,0,-1,1,0,0,- v1 - v2*1i
1,0,1,0,1,0,1,0,- v1 - v2*1i
1,0,1,0,-1,0,-1,0,- v1 - v2*1i
1,0,1,0,1,0,-1,0,v2*1i - v1
1,0,1,0,-1,0,1,0,v2*1i - v1
1,0,1,0,1,0,0,1,v1 - v2*1i
1,0,1,0,-1,0,0,-1,v1 - v2*1i
1,0,1,0,1,0,0,-1,v2*1i - v1
1,0,1,0,-1,0,0,1,v2*1i - v1
1,0,1,0,0,2,0,0,v1
1,0,1,0,0,-2,0,0,v1
1,0,1,0,0,1,1,0,v1 + v2*1i
1,0,1,0,0,-1,-1,0,v1 + v2*1i
1,0,1,0,0,1,-1,0,v2*1i - v1
1,0,1,0,0,-1,1,0,v2*1i - v1
1,0,1,0,0,1,0,1,v1 + v2*1i
1,0,1,0,0,-1,0,-1,v1 + v2*1i
1,0,1,0,0,1,0,-1,v1 + v2*1i
1,0,1,0,0,-1,0,1,v1 + v2*1i
1,0,1,0,0,0,2,0,-v1
1,0,1,0,0,0,-2,0,-v1
1,0,1,0,0,0,1,1,v1 - v2*1i
1,0,1,0,0,0,-1,-1,v1 - v2*1i
1,0,1,0,0,0,1,-1,v2*1i - v1
1,0,1,0,0,0,-1,1,v2*1i - v1
1,0,1,0,0,0,0,2,v1
1,0,1,0,0,0,0,-2,v1
-1,0,-1,0,2,0,0,0,-v1
-1,0,-1,0,-2,0,0,0,-v1
-1,0,-1,0,1,1,0,0,v2*1i - v1
-1,0,-1,0,-1,-1,0,0,v2*1i - v1
-1,0,-1,0,1,-1,0,0,v1 + v2*1i
-1,0,-1,0,-1,1,0,0,v1 + v2*1i
-1,0,-1,0,1,0,1,0,- v1 - v2*1i
-1,0,-1,0,-1,0,-1,0,- v1 - v2*1i
-1,0,-1,0,1,0,-1,0,v2*1i - v1
-1,0,-1,0,-1,0,1,0,v2*1i - v1
-1,0,-1,0,1,0,0,1,v2*1i - v1
-1,0,-1,0,-1,0,0,-1,v2*1i - v1
-1,0,-1,0,1,0,0,-1,v1 - v2*1i
-1,0,-1,0,-1,0,0,1,v1 - v2*1i
-1,0,-1,0,0,2,0,0,v1
-1,0,-1,0,0,-2,0,0,v1
-1,0,-1,0,0,1,1,0,- v1 - v2*1i
-1,0,-1,0,0,-1,-1,0,- v1 - v2*1i
-1,0,-1,0,0,1,-1,0,v1 - v2*1i
-1,0,-1,0,0,-1,1,0,v1 - v2*1i
-1,0,-1,0,0,1,0,1,v1 + v2*1i
-1,0,-1,0,0,-1,0,-1,v1 + v2*1i
-1,0,-1,0,0,1,0,-1,v1 + v2*1i
-1,0,-1,0,0,-1,0,1,v1 + v2*1i
-1,0,-1,0,0,0,2,0,-v1
-1,0,-1,0,0,0,-2,0,-v1
-1,0,-1,0,0,0,1,1,v2*1i - v1
-1,0,-1,0,0,0,-1,-1,v2*1i - v1
-1,0,-1,0,0,0,1,-1,v1 - v2*1i
-1,0,-1,0,0,0,-1,1,v1 - v2*1i
-1,0,-1,0,0,0,0,2,v1
-1,0,-1,0,0,0,0,-2,v1
1,0,-1,0,2,0,0,0,v1
1,0,-1,0,-2,0,0,0,v1
1,0,-1,0,1,1,0,0,v2*1i - v1
1,0,-1,0,-1,-1,0,0,v2*1i - v1
1,0,-1,0,1,-1,0,0,- v1 - v2*1i
1,0,-1,0,-1,1,0,0,- v1 - v2*1i
1,0,-1,0,1,0,1,0,v2*1i - v1
1,0,-1,0,-1,0,-1,0,v2*1i - v1
1,0,-1,0,1,0,-1,0,- v1 - v2*1i
1,0,-1,0,-1,0,1,0,- v1 - v2*1i
1,0,-1,0,1,0,0,1,- v1 - v2*1i
1,0,-1,0,-1,0,0,-1,- v1 - v2*1i
1,0,-1,0,1,0,0,-1,- v1 - v2*1i
1,0,-1,0,-1,0,0,1,- v1 - v2*1i
1,0,-1,0,0,2,0,0,v1
1,0,-1,0,0,-2,0,0,v1
1,0,-1,0,0,1,1,0,v1 - v2*1i
1,0,-1,0,0,-1,-1,0,v1 - v2*1i
1,0,-1,0,0,1,-1,0,v1 + v2*1i
1,0,-1,0,0,-1,1,0,v1 + v2*1i
1,0,-1,0,0,1,0,1,v1 + v2*1i
1,0,-1,0,0,-1,0,-1,v1 + v2*1i
1,0,-1,0,0,1,0,-1,v1 + v2*1i
1,0,-1,0,0,-1,0,1,v1 + v2*1i
1,0,-1,0,0,0,2,0,v1
1,0,-1,0,0,0,-2,0,v1
1,0,-1,0,0,0,1,1,v1 + v2*1i
1,0,-1,0,0,0,-1,-1,v1 + v2*1i
1,0,-1,0,0,0,1,-1,v1 + v2*1i
1,0,-1,0,0,0,-1,1,v1 + v2*1i
1,0,-1,0,0,0,0,2,v1
1,0,-1,0,0,0,0,-2,v1
-1,0,1,0,2,0,0,0,v1
-1,0,1,0,-2,0,0,0,v1
-1,0,1,0,1,1,0,0,v1 - v2*1i
-1,0,1,0,-1,-1,0,0,v1 - v2*1i
-1,0,1,0,1,-1,0,0,v1 + v2*1i
-1,0,1,0,-1,1,0,0,v1 + v2*1i
-1,0,1,0,1,0,1,0,v2*1i - v1
-1,0,1,0,-1,0,-1,0,v2*1i - v1
-1,0,1,0,1,0,-1,0,- v1 - v2*1i
-1,0,1,0,-1,0,1,0,- v1 - v2*1i
-1,0,1,0,1,0,0,1,v1 + v2*1i
-1,0,1,0,-1,0,0,-1,v1 + v2*1i
-1,0,1,0,1,0,0,-1,v1 + v2*1i
-1,0,1,0,-1,0,0,1,v1 + v2*1i
-1,0,1,0,0,2,0,0,v1
-1,0,1,0,0,-2,0,0,v1
-1,0,1,0,0,1,1,0,v2*1i - v1
-1,0,1,0,0,-1,-1,0,v2*1i - v1
-1,0,1,0,0,1,-1,0,- v1 - v2*1i
-1,0,1,0,0,-1,1,0,- v1 - v2*1i
-1,0,1,0,0,1,0,1,v1 + v2*1i
-1,0,1,0,0,-1,0,-1,v1 + v2*1i
-1,0,1,0,0,1,0,-1,v1 + v2*1i
-1,0,1,0,0,-1,0,1,v1 + v2*1i
-1,0,1,0,0,0,2,0,v1
-1,0,1,0,0,0,-2,0,v1
-1,0,1,0,0,0,1,1,- v1 - v2*1i
-1,0,1,0,0,0,-1,-1,- v1 - v2*1i
-1,0,1,0,0,0,1,-1,- v1 - v2*1i
-1,0,1,0,0,0,-1,1,- v1 - v2*1i
-1,0,1,0,0,0,0,2,v1
-1,0,1,0,0,0,0,-2,v1
1,0,0,1,2,0,0,0,-v1
1,0,0,1,-2,0,0,0,-v1
1,0,0,1,1,1,0,0,v1 - v2*1i
1,0,0,1,-1,-1,0,0,v1 - v2*1i
1,0,0,1,1,-1,0,0,- v1 - v2*1i
1,0,0,1,-1,1,0,0,- v1 - v2*1i
1,0,0,1,1,0,1,0,v1 - v2*1i
1,0,0,1,-1,0,-1,0,v1 - v2*1i
1,0,0,1,1,0,-1,0,- v1 - v2*1i
1,0,0,1,-1,0,1,0,- v1 - v2*1i
1,0,0,1,1,0,0,1,- v1 - v2*1i
1,0,0,1,-1,0,0,-1,- v1 - v2*1i
1,0,0,1,1,0,0,-1,v2*1i - v1
1,0,0,1,-1,0,0,1,v2*1i - v1
1,0,0,1,0,2,0,0,v1
1,0,0,1,0,-2,0,0,v1
1,0,0,1,0,1,1,0,v1 + v2*1i
1,0,0,1,0,-1,-1,0,v1 + v2*1i
1,0,0,1,0,1,-1,0,v1 + v2*1i
1,0,0,1,0,-1,1,0,v1 + v2*1i
1,0,0,1,0,1,0,1,v1 + v2*1i
1,0,0,1,0,-1,0,-1,v1 + v2*1i
1,0,0,1,0,1,0,-1,v2*1i - v1
1,0,0,1,0,-1,0,1,v2*1i - v1
1,0,0,1,0,0,2,0,v1
1,0,0,1,0,0,-2,0,v1
1,0,0,1,0,0,1,1,v1 + v2*1i
1,0,0,1,0,0,-1,-1,v1 + v2*1i
1,0,0,1,0,0,1,-1,v2*1i - v1
1,0,0,1,0,0,-1,1,v2*1i - v1
1,0,0,1,0,0,0,2,-v1
1,0,0,1,0,0,0,-2,-v1
-1,0,0,-1,2,0,0,0,-v1
-1,0,0,-1,-2,0,0,0,-v1
-1,0,0,-1,1,1,0,0,v2*1i - v1
-1,0,0,-1,-1,-1,0,0,v2*1i - v1
-1,0,0,-1,1,-1,0,0,v1 + v2*1i
-1,0,0,-1,-1,1,0,0,v1 + v2*1i
-1,0,0,-1,1,0,1,0,v2*1i - v1
-1,0,0,-1,-1,0,-1,0,v2*1i - v1
-1,0,0,-1,1,0,-1,0,v1 + v2*1i
-1,0,0,-1,-1,0,1,0,v1 + v2*1i
-1,0,0,-1,1,0,0,1,- v1 - v2*1i
-1,0,0,-1,-1,0,0,-1,- v1 - v2*1i
-1,0,0,-1,1,0,0,-1,v2*1i - v1
-1,0,0,-1,-1,0,0,1,v2*1i - v1
-1,0,0,-1,0,2,0,0,v1
-1,0,0,-1,0,-2,0,0,v1
-1,0,0,-1,0,1,1,0,v1 + v2*1i
-1,0,0,-1,0,-1,-1,0,v1 + v2*1i
-1,0,0,-1,0,1,-1,0,v1 + v2*1i
-1,0,0,-1,0,-1,1,0,v1 + v2*1i
-1,0,0,-1,0,1,0,1,- v1 - v2*1i
-1,0,0,-1,0,-1,0,-1,- v1 - v2*1i
-1,0,0,-1,0,1,0,-1,v1 - v2*1i
-1,0,0,-1,0,-1,0,1,v1 - v2*1i
-1,0,0,-1,0,0,2,0,v1
-1,0,0,-1,0,0,-2,0,v1
-1,0,0,-1,0,0,1,1,- v1 - v2*1i
-1,0,0,-1,0,0,-1,-1,- v1 - v2*1i
-1,0,0,-1,0,0,1,-1,v1 - v2*1i
-1,0,0,-1,0,0,-1,1,v1 - v2*1i
-1,0,0,-1,0,0,0,2,-v1
-1,0,0,-1,0,0,0,-2,-v1
1,0,0,-1,2,0,0,0,v1
1,0,0,-1,-2,0,0,0,v1
1,0,0,-1,1,1,0,0,v2*1i - v1
1,0,0,-1,-1,-1,0,0,v2*1i - v1
1,0,0,-1,1,-1,0,0,- v1 - v2*1i
1,0,0,-1,-1,1,0,0,- v1 - v2*1i
1,0,0,-1,1,0,1,0,v2*1i - v1
1,0,0,-1,-1,0,-1,0,v2*1i - v1
1,0,0,-1,1,0,-1,0,- v1 - v2*1i
1,0,0,-1,-1,0,1,0,- v1 - v2*1i
1,0,0,-1,1,0,0,1,v2*1i - v1
1,0,0,-1,-1,0,0,-1,v2*1i - v1
1,0,0,-1,1,0,0,-1,- v1 - v2*1i
1,0,0,-1,-1,0,0,1,- v1 - v2*1i
1,0,0,-1,0,2,0,0,v1
1,0,0,-1,0,-2,0,0,v1
1,0,0,-1,0,1,1,0,v1 + v2*1i
1,0,0,-1,0,-1,-1,0,v1 + v2*1i
1,0,0,-1,0,1,-1,0,v1 + v2*1i
1,0,0,-1,0,-1,1,0,v1 + v2*1i
1,0,0,-1,0,1,0,1,v1 - v2*1i
1,0,0,-1,0,-1,0,-1,v1 - v2*1i
1,0,0,-1,0,1,0,-1,v1 + v2*1i
1,0,0,-1,0,-1,0,1,v1 + v2*1i
1,0,0,-1,0,0,2,0,v1
1,0,0,-1,0,0,-2,0,v1
1,0,0,-1,0,0,1,1,v1 - v2*1i
1,0,0,-1,0,0,-1,-1,v1 - v2*1i
1,0,0,-1,0,0,1,-1,v1 + v2*1i
1,0,0,-1,0,0,-1,1,v1 + v2*1i
1,0,0,-1,0,0,0,2,v1
1,0,0,-1,0,0,0,-2,v1
-1,0,0,1,2,0,0,0,v1
-1,0,0,1,-2,0,0,0,v1
-1,0,0,1,1,1,0,0,v1 - v2*1i
-1,0,0,1,-1,-1,0,0,v1 - v2*1i
-1,0,0,1,1,-1,0,0,v1 + v2*1i
-1,0,0,1,-1,1,0,0,v1 + v2*1i
-1,0,0,1,1,0,1,0,v1 - v2*1i
-1,0,0,1,-1,0,-1,0,v1 - v2*1i
-1,0,0,1,1,0,-1,0,v1 + v2*1i
-1,0,0,1,-1,0,1,0,v1 + v2*1i
-1,0,0,1,1,0,0,1,v2*1i - v1
-1,0,0,1,-1,0,0,-1,v2*1i - v1
-1,0,0,1,1,0,0,-1,- v1 - v2*1i
-1,0,0,1,-1,0,0,1,- v1 - v2*1i
-1,0,0,1,0,2,0,0,v1
-1,0,0,1,0,-2,0,0,v1
-1,0,0,1,0,1,1,0,v1 + v2*1i
-1,0,0,1,0,-1,-1,0,v1 + v2*1i
-1,0,0,1,0,1,-1,0,v1 + v2*1i
-1,0,0,1,0,-1,1,0,v1 + v2*1i
-1,0,0,1,0,1,0,1,v2*1i - v1
-1,0,0,1,0,-1,0,-1,v2*1i - v1
-1,0,0,1,0,1,0,-1,- v1 - v2*1i
-1,0,0,1,0,-1,0,1,- v1 - v2*1i
-1,0,0,1,0,0,2,0,v1
-1,0,0,1,0,0,-2,0,v1
-1,0,0,1,0,0,1,1,v2*1i - v1
-1,0,0,1,0,0,-1,-1,v2*1i - v1
-1,0,0,1,0,0,1,-1,- v1 - v2*1i
-1,0,0,1,0,0,-1,1,- v1 - v2*1i
-1,0,0,1,0,0,0,2,v1
-1,0,0,1,0,0,0,-2,v1
0,2,0,0,2,0,0,0,v1
0,2,0,0,-2,0,0,0,v1
0,2,0,0,1,1,0,0,v1 + v2*1i
0,2,0,0,-1,-1,0,0,v1 + v2*1i
0,2,0,0,1,-1,0,0,- v1 - v2*1i
0,2,0,0,-1,1,0,0,- v1 - v2*1i
0,2,0,0,1,0,1,0,v1 + v2*1i
0,2,0,0,-1,0,-1,0,v1 + v2*1i
0,2,0,0,1,0,-1,0,v1 + v2*1i
0,2,0,0,-1,0,1,0,v1 + v2*1i
0,2,0,0,1,0,0,1,v1 + v2*1i
0,2,0,0,-1,0,0,-1,v1 + v2*1i
0,2,0,0,1,0,0,-1,v1 + v2*1i
0,2,0,0,-1,0,0,1,v1 + v2*1i
0,2,0,0,0,2,0,0,-v1
0,2,0,0,0,-2,0,0,-v1
0,2,0,0,0,1,1,0,v1 - v2*1i
0,2,0,0,0,-1,-1,0,v1 - v2*1i
0,2,0,0,0,1,-1,0,v2*1i - v1
0,2,0,0,0,-1,1,0,v2*1i - v1
0,2,0,0,0,1,0,1,v1 - v2*1i
0,2,0,0,0,-1,0,-1,v1 - v2*1i
0,2,0,0,0,1,0,-1,v2*1i - v1
0,2,0,0,0,-1,0,1,v2*1i - v1
0,2,0,0,0,0,2,0,v1
0,2,0,0,0,0,-2,0,v1
0,2,0,0,0,0,1,1,v1 + v2*1i
0,2,0,0,0,0,-1,-1,v1 + v2*1i
0,2,0,0,0,0,1,-1,v1 + v2*1i
0,2,0,0,0,0,-1,1,v1 + v2*1i
0,2,0,0,0,0,0,2,v1
0,2,0,0,0,0,0,-2,v1
0,-2,0,0,2,0,0,0,v1
0,-2,0,0,-2,0,0,0,v1
0,-2,0,0,1,1,0,0,- v1 - v2*1i
0,-2,0,0,-1,-1,0,0,- v1 - v2*1i
0,-2,0,0,1,-1,0,0,v1 + v2*1i
0,-2,0,0,-1,1,0,0,v1 + v2*1i
0,-2,0,0,1,0,1,0,v1 + v2*1i
0,-2,0,0,-1,0,-1,0,v1 + v2*1i
0,-2,0,0,1,0,-1,0,v1 + v2*1i
0,-2,0,0,-1,0,1,0,v1 + v2*1i
0,-2,0,0,1,0,0,1,v1 + v2*1i
0,-2,0,0,-1,0,0,-1,v1 + v2*1i
0,-2,0,0,1,0,0,-1,v1 + v2*1i
0,-2,0,0,-1,0,0,1,v1 + v2*1i
0,-2,0,0,0,2,0,0,-v1
0,-2,0,0,0,-2,0,0,-v1
0,-2,0,0,0,1,1,0,v2*1i - v1
0,-2,0,0,0,-1,-1,0,v2*1i - v1
0,-2,0,0,0,1,-1,0,v1 - v2*1i
0,-2,0,0,0,-1,1,0,v1 - v2*1i
0,-2,0,0,0,1,0,1,v2*1i - v1
0,-2,0,0,0,-1,0,-1,v2*1i - v1
0,-2,0,0,0,1,0,-1,v1 - v2*1i
0,-2,0,0,0,-1,0,1,v1 - v2*1i
0,-2,0,0,0,0,2,0,v1
0,-2,0,0,0,0,-2,0,v1
0,-2,0,0,0,0,1,1,v1 + v2*1i
0,-2,0,0,0,0,-1,-1,v1 + v2*1i
0,-2,0,0,0,0,1,-1,v1 + v2*1i
0,-2,0,0,0,0,-1,1,v1 + v2*1i
0,-2,0,0,0,0,0,2,v1
0,-2,0,0,0,0,0,-2,v1
0,1,1,0,2,0,0,0,v1
0,1,1,0,-2,0,0,0,v1
0,1,1,0,1,1,0,0,v1 + v2*1i
0,1,1,0,-1,-1,0,0,v1 + v2*1i
0,1,1,0,1,-1,0,0,- v1 - v2*1i
0,1,1,0,-1,1,0,0,- v1 - v2*1i
0,1,1,0,1,0,1,0,v1 + v2*1i
0,1,1,0,-1,0,-1,0,v1 + v2*1i
0,1,1,0,1,0,-1,0,- v1 - v2*1i
0,1,1,0,-1,0,1,0,- v1 - v2*1i
0,1,1,0,1,0,0,1,v1 + v2*1i
0,1,1,0,-1,0,0,-1,v1 + v2*1i
0,1,1,0,1,0,0,-1,v1 + v2*1i
0,1,1,0,-1,0,0,1,v1 + v2*1i
0,1,1,0,0,2,0,0,-v1
0,1,1,0,0,-2,0,0,-v1
0,1,1,0,0,1,1,0,- v1 - v2*1i
0,1,1,0,0,-1,-1,0,- v1 - v2*1i
0,1,1,0,0,1,-1,0,v2*1i - v1
0,1,1,0,0,-1,1,0,v2*1i - v1
0,1,1,0,0,1,0,1,v1 - v2*1i
0,1,1,0,0,-1,0,-1,v1 - v2*1i
0,1,1,0,0,1,0,-1,v2*1i - v1
0,1,1,0,0,-1,0,1,v2*1i - v1
0,1,1,0,0,0,2,0,-v1
0,1,1,0,0,0,-2,0,-v1
0,1,1,0,0,0,1,1,v1 - v2*1i
0,1,1,0,0,0,-1,-1,v1 - v2*1i
0,1,1,0,0,0,1,-1,v2*1i - v1
0,1,1,0,0,0,-1,1,v2*1i - v1
0,1,1,0,0,0,0,2,v1
0,1,1,0,0,0,0,-2,v1
0,-1,-1,0,2,0,0,0,v1
0,-1,-1,0,-2,0,0,0,v1
0,-1,-1,0,1,1,0,0,- v1 - v2*1i
0,-1,-1,0,-1,-1,0,0,- v1 - v2*1i
0,-1,-1,0,1,-1,0,0,v1 + v2*1i
0,-1,-1,0,-1,1,0,0,v1 + v2*1i
0,-1,-1,0,1,0,1,0,- v1 - v2*1i
0,-1,-1,0,-1,0,-1,0,- v1 - v2*1i
0,-1,-1,0,1,0,-1,0,v1 + v2*1i
0,-1,-1,0,-1,0,1,0,v1 + v2*1i
0,-1,-1,0,1,0,0,1,v1 + v2*1i
0,-1,-1,0,-1,0,0,-1,v1 + v2*1i
0,-1,-1,0,1,0,0,-1,v1 + v2*1i
0,-1,-1,0,-1,0,0,1,v1 + v2*1i
0,-1,-1,0,0,2,0,0,-v1
0,-1,-1,0,0,-2,0,0,-v1
0,-1,-1,0,0,1,1,0,- v1 - v2*1i
0,-1,-1,0,0,-1,-1,0,- v1 - v2*1i
0,-1,-1,0,0,1,-1,0,v2*1i - v1
0,-1,-1,0,0,-1,1,0,v2*1i - v1
0,-1,-1,0,0,1,0,1,v2*1i - v1
0,-1,-1,0,0,-1,0,-1,v2*1i - v1
0,-1,-1,0,0,1,0,-1,v1 - v2*1i
0,-1,-1,0,0,-1,0,1,v1 - v2*1i
0,-1,-1,0,0,0,2,0,-v1
0,-1,-1,0,0,0,-2,0,-v1
0,-1,-1,0,0,0,1,1,v2*1i - v1
0,-1,-1,0,0,0,-1,-1,v2*1i - v1
0,-1,-1,0,0,0,1,-1,v1 - v2*1i
0,-1,-1,0,0,0,-1,1,v1 - v2*1i
0,-1,-1,0,0,0,0,2,v1
0,-1,-1,0,0,0,0,-2,v1
0,1,-1,0,2,0,0,0,v1
0,1,-1,0,-2,0,0,0,v1
0,1,-1,0,1,1,0,0,- v1 - v2*1i
0,1,-1,0,-1,-1,0,0,- v1 - v2*1i
0,1,-1,0,1,-1,0,0,- v1 - v2*1i
0,1,-1,0,-1,1,0,0,- v1 - v2*1i
0,1,-1,0,1,0,1,0,v1 + v2*1i
0,1,-1,0,-1,0,-1,0,v1 + v2*1i
0,1,-1,0,1,0,-1,0,v1 + v2*1i
0,1,-1,0,-1,0,1,0,v1 + v2*1i
0,1,-1,0,1,0,0,1,v1 + v2*1i
0,1,-1,0,-1,0,0,-1,v1 + v2*1i
0,1,-1,0,1,0,0,-1,v1 + v2*1i
0,1,-1,0,-1,0,0,1,v1 + v2*1i
0,1,-1,0,0,2,0,0,v1
0,1,-1,0,0,-2,0,0,v1
0,1,-1,0,0,1,1,0,v2*1i - v1
0,1,-1,0,0,-1,-1,0,v2*1i - v1
0,1,-1,0,0,1,-1,0,- v1 - v2*1i
0,1,-1,0,0,-1,1,0,- v1 - v2*1i
0,1,-1,0,0,1,0,1,- v1 - v2*1i
0,1,-1,0,0,-1,0,-1,- v1 - v2*1i
0,1,-1,0,0,1,0,-1,- v1 - v2*1i
0,1,-1,0,0,-1,0,1,- v1 - v2*1i
0,1,-1,0,0,0,2,0,v1
0,1,-1,0,0,0,-2,0,v1
0,1,-1,0,0,0,1,1,v1 + v2*1i
0,1,-1,0,0,0,-1,-1,v1 + v2*1i
0,1,-1,0,0,0,1,-1,v1 + v2*1i
0,1,-1,0,0,0,-1,1,v1 + v2*1i
0,1,-1,0,0,0,0,2,v1
0,1,-1,0,0,0,0,-2,v1
0,-1,1,0,2,0,0,0,v1
0,-1,1,0,-2,0,0,0,v1
0,-1,1,0,1,1,0,0,v1 + v2*1i
0,-1,1,0,-1,-1,0,0,v1 + v2*1i
0,-1,1,0,1,-1,0,0,v1 + v2*1i
0,-1,1,0,-1,1,0,0,v1 + v2*1i
0,-1,1,0,1,0,1,0,- v1 - v2*1i
0,-1,1,0,-1,0,-1,0,- v1 - v2*1i
0,-1,1,0,1,0,-1,0,- v1 - v2*1i
0,-1,1,0,-1,0,1,0,- v1 - v2*1i
0,-1,1,0,1,0,0,1,v1 + v2*1i
0,-1,1,0,-1,0,0,-1,v1 + v2*1i
0,-1,1,0,1,0,0,-1,v1 + v2*1i
0,-1,1,0,-1,0,0,1,v1 + v2*1i
0,-1,1,0,0,2,0,0,v1
0,-1,1,0,0,-2,0,0,v1
0,-1,1,0,0,1,1,0,v2*1i - v1
0,-1,1,0,0,-1,-1,0,v2*1i - v1
0,-1,1,0,0,1,-1,0,- v1 - v2*1i
0,-1,1,0,0,-1,1,0,- v1 - v2*1i
0,-1,1,0,0,1,0,1,v1 + v2*1i
0,-1,1,0,0,-1,0,-1,v1 + v2*1i
0,-1,1,0,0,1,0,-1,v1 + v2*1i
0,-1,1,0,0,-1,0,1,v1 + v2*1i
0,-1,1,0,0,0,2,0,v1
0,-1,1,0,0,0,-2,0,v1
0,-1,1,0,0,0,1,1,- v1 - v2*1i
0,-1,1,0,0,0,-1,-1,- v1 - v2*1i
0,-1,1,0,0,0,1,-1,- v1 - v2*1i
0,-1,1,0,0,0,-1,1,- v1 - v2*1i
0,-1,1,0,0,0,0,2,v1
0,-1,1,0,0,0,0,-2,v1
0,1,0,1,2,0,0,0,v1
0,1,0,1,-2,0,0,0,v1
0,1,0,1,1,1,0,0,v1 + v2*1i
0,1,0,1,-1,-1,0,0,v1 + v2*1i
0,1,0,1,1,-1,0,0,- v1 - v2*1i
0,1,0,1,-1,1,0,0,- v1 - v2*1i
0,1,0,1,1,0,1,0,v1 + v2*1i
0,1,0,1,-1,0,-1,0,v1 + v2*1i
0,1,0,1,1,0,-1,0,v1 + v2*1i
0,1,0,1,-1,0,1,0,v1 + v2*1i
0,1,0,1,1,0,0,1,v1 + v2*1i
0,1,0,1,-1,0,0,-1,v1 + v2*1i
0,1,0,1,1,0,0,-1,- v1 - v2*1i
0,1,0,1,-1,0,0,1,- v1 - v2*1i
0,1,0,1,0,2,0,0,-v1
0,1,0,1,0,-2,0,0,-v1
0,1,0,1,0,1,1,0,v1 - v2*1i
0,1,0,1,0,-1,-1,0,v1 - v2*1i
0,1,0,1,0,1,-1,0,- v1 - v2*1i
0,1,0,1,0,-1,1,0,- v1 - v2*1i
0,1,0,1,0,1,0,1,- v1 - v2*1i
0,1,0,1,0,-1,0,-1,- v1 - v2*1i
0,1,0,1,0,1,0,-1,v2*1i - v1
0,1,0,1,0,-1,0,1,v2*1i - v1
0,1,0,1,0,0,2,0,v1
0,1,0,1,0,0,-2,0,v1
0,1,0,1,0,0,1,1,v1 + v2*1i
0,1,0,1,0,0,-1,-1,v1 + v2*1i
0,1,0,1,0,0,1,-1,v2*1i - v1
0,1,0,1,0,0,-1,1,v2*1i - v1
0,1,0,1,0,0,0,2,-v1
0,1,0,1,0,0,0,-2,-v1
0,-1,0,-1,2,0,0,0,v1
0,-1,0,-1,-2,0,0,0,v1
0,-1,0,-1,1,1,0,0,- v1 - v2*1i
0,-1,0,-1,-1,-1,0,0,- v1 - v2*1i
0,-1,0,-1,1,-1,0,0,v1 + v2*1i
0,-1,0,-1,-1,1,0,0,v1 + v2*1i
0,-1,0,-1,1,0,1,0,v1 + v2*1i
0,-1,0,-1,-1,0,-1,0,v1 + v2*1i
0,-1,0,-1,1,0,-1,0,v1 + v2*1i
0,-1,0,-1,-1,0,1,0,v1 + v2*1i
0,-1,0,-1,1,0,0,1,- v1 - v2*1i
0,-1,0,-1,-1,0,0,-1,- v1 - v2*1i
0,-1,0,-1,1,0,0,-1,v1 + v2*1i
0,-1,0,-1,-1,0,0,1,v1 + v2*1i
0,-1,0,-1,0,2,0,0,-v1
0,-1,0,-1,0,-2,0,0,-v1
0,-1,0,-1,0,1,1,0,v2*1i - v1
0,-1,0,-1,0,-1,-1,0,v2*1i - v1
0,-1,0,-1,0,1,-1,0,v1 + v2*1i
0,-1,0,-1,0,-1,1,0,v1 + v2*1i
0,-1,0,-1,0,1,0,1,- v1 - v2*1i
0,-1,0,-1,0,-1,0,-1,- v1 - v2*1i
0,-1,0,-1,0,1,0,-1,v2*1i - v1
0,-1,0,-1,0,-1,0,1,v2*1i - v1
0,-1,0,-1,0,0,2,0,v1
0,-1,0,-1,0,0,-2,0,v1
0,-1,0,-1,0,0,1,1,- v1 - v2*1i
0,-1,0,-1,0,0,-1,-1,- v1 - v2*1i
0,-1,0,-1,0,0,1,-1,v1 - v2*1i
0,-1,0,-1,0,0,-1,1,v1 - v2*1i
0,-1,0,-1,0,0,0,2,-v1
0,-1,0,-1,0,0,0,-2,-v1
0,1,0,-1,2,0,0,0,v1
0,1,0,-1,-2,0,0,0,v1
0,1,0,-1,1,1,0,0,- v1 - v2*1i
0,1,0,-1,-1,-1,0,0,- v1 - v2*1i
0,1,0,-1,1,-1,0,0,- v1 - v2*1i
0,1,0,-1,-1,1,0,0,- v1 - v2*1i
0,1,0,-1,1,0,1,0,v1 + v2*1i
0,1,0,-1,-1,0,-1,0,v1 + v2*1i
0,1,0,-1,1,0,-1,0,v1 + v2*1i
0,1,0,-1,-1,0,1,0,v1 + v2*1i
0,1,0,-1,1,0,0,1,v1 + v2*1i
0,1,0,-1,-1,0,0,-1,v1 + v2*1i
0,1,0,-1,1,0,0,-1,v1 + v2*1i
0,1,0,-1,-1,0,0,1,v1 + v2*1i
0,1,0,-1,0,2,0,0,v1
0,1,0,-1,0,-2,0,0,v1
0,1,0,-1,0,1,1,0,v2*1i - v1
0,1,0,-1,0,-1,-1,0,v2*1i - v1
0,1,0,-1,0,1,-1,0,- v1 - v2*1i
0,1,0,-1,0,-1,1,0,- v1 - v2*1i
0,1,0,-1,0,1,0,1,v2*1i - v1
0,1,0,-1,0,-1,0,-1,v2*1i - v1
0,1,0,-1,0,1,0,-1,- v1 - v2*1i
0,1,0,-1,0,-1,0,1,- v1 - v2*1i
0,1,0,-1,0,0,2,0,v1
0,1,0,-1,0,0,-2,0,v1
0,1,0,-1,0,0,1,1,v1 - v2*1i
0,1,0,-1,0,0,-1,-1,v1 - v2*1i
0,1,0,-1,0,0,1,-1,v1 + v2*1i
0,1,0,-1,0,0,-1,1,v1 + v2*1i
0,1,0,-1,0,0,0,2,v1
0,1,0,-1,0,0,0,-2,v1
0,-1,0,1,2,0,0,0,v1
0,-1,0,1,-2,0,0,0,v1
0,-1,0,1,1,1,0,0,v1 + v2*1i
0,-1,0,1,-1,-1,0,0,v1 + v2*1i
0,-1,0,1,1,-1,0,0,v1 + v2*1i
0,-1,0,1,-1,1,0,0,v1 + v2*1i
0,-1,0,1,1,0,1,0,v1 + v2*1i
0,-1,0,1,-1,0,-1,0,v1 + v2*1i
0,-1,0,1,1,0,-1,0,v1 + v2*1i
0,-1,0,1,-1,0,1,0,v1 + v2*1i
0,-1,0,1,1,0,0,1,- v1 - v2*1i
0,-1,0,1,-1,0,0,-1,- v1 - v2*1i
0,-1,0,1,1,0,0,-1,- v1 - v2*1i
0,-1,0,1,-1,0,0,1,- v1 - v2*1i
0,-1,0,1,0,2,0,0,v1
0,-1,0,1,0,-2,0,0,v1
0,-1,0,1,0,1,1,0,v1 - v2*1i
0,-1,0,1,0,-1,-1,0,v1 - v2*1i
0,-1,0,1,0,1,-1,0,v1 + v2*1i
0,-1,0,1,0,-1,1,0,v1 + v2*1i
0,-1,0,1,0,1,0,1,v2*1i - v1
0,-1,0,1,0,-1,0,-1,v2*1i - v1
0,-1,0,1,0,1,0,-1,- v1 - v2*1i
0,-1,0,1,0,-1,0,1,- v1 - v2*1i
0,-1,0,1,0,0,2,0,v1
0,-1,0,1,0,0,-2,0,v1
0,-1,0,1,0,0,1,1,v2*1i - v1
0,-1,0,1,0,0,-1,-1,v2*1i - v1
0,-1,0,1,0,0,1,-1,- v1 - v2*1i
0,-1,0,1,0,0,-1,1,- v1 - v2*1i
0,-1,0,1,0,0,0,2,v1
0,-1,0,1,0,0,0,-2,v1
0,0,2,0,2,0,0,0,v1
0,0,2,0,-2,0,0,0,v1
0,0,2,0,1,1,0,0,v1 + v2*1i
0,0,2,0,-1,-1,0,0,v1 + v2*1i
0,0,2,0,1,-1,0,0,v1 + v2*1i
0,0,2,0,-1,1,0,0,v1 + v2*1i
0,0,2,0,1,0,1,0,v1 + v2*1i
0,0,2,0,-1,0,-1,0,v1 + v2*1i
0,0,2,0,1,0,-1,0,- v1 - v2*1i
0,0,2,0,-1,0,1,0,- v1 - v2*1i
0,0,2,0,1,0,0,1,v1 + v2*1i
0,0,2,0,-1,0,0,-1,v1 + v2*1i
0,0,2,0,1,0,0,-1,v1 + v2*1i
0,0,2,0,-1,0,0,1,v1 + v2*1i
0,0,2,0,0,2,0,0,v1
0,0,2,0,0,-2,0,0,v1
0,0,2,0,0,1,1,0,v1 + v2*1i
0,0,2,0,0,-1,-1,0,v1 + v2*1i
0,0,2,0,0,1,-1,0,- v1 - v2*1i
0,0,2,0,0,-1,1,0,- v1 - v2*1i
0,0,2,0,0,1,0,1,v1 + v2*1i
0,0,2,0,0,-1,0,-1,v1 + v2*1i
0,0,2,0,0,1,0,-1,v1 + v2*1i
0,0,2,0,0,-1,0,1,v1 + v2*1i
0,0,2,0,0,0,2,0,-v1
0,0,2,0,0,0,-2,0,-v1
0,0,2,0,0,0,1,1,v1 - v2*1i
0,0,2,0,0,0,-1,-1,v1 - v2*1i
0,0,2,0,0,0,1,-1,v2*1i - v1
0,0,2,0,0,0,-1,1,v2*1i - v1
0,0,2,0,0,0,0,2,v1
0,0,2,0,0,0,0,-2,v1
0,0,-2,0,2,0,0,0,v1
0,0,-2,0,-2,0,0,0,v1
0,0,-2,0,1,1,0,0,v1 + v2*1i
0,0,-2,0,-1,-1,0,0,v1 + v2*1i
0,0,-2,0,1,-1,0,0,v1 + v2*1i
0,0,-2,0,-1,1,0,0,v1 + v2*1i
0,0,-2,0,1,0,1,0,- v1 - v2*1i
0,0,-2,0,-1,0,-1,0,- v1 - v2*1i
0,0,-2,0,1,0,-1,0,v1 + v2*1i
0,0,-2,0,-1,0,1,0,v1 + v2*1i
0,0,-2,0,1,0,0,1,v1 + v2*1i
0,0,-2,0,-1,0,0,-1,v1 + v2*1i
0,0,-2,0,1,0,0,-1,v1 + v2*1i
0,0,-2,0,-1,0,0,1,v1 + v2*1i
0,0,-2,0,0,2,0,0,v1
0,0,-2,0,0,-2,0,0,v1
0,0,-2,0,0,1,1,0,- v1 - v2*1i
0,0,-2,0,0,-1,-1,0,- v1 - v2*1i
0,0,-2,0,0,1,-1,0,v1 + v2*1i
0,0,-2,0,0,-1,1,0,v1 + v2*1i
0,0,-2,0,0,1,0,1,v1 + v2*1i
0,0,-2,0,0,-1,0,-1,v1 + v2*1i
0,0,-2,0,0,1,0,-1,v1 + v2*1i
0,0,-2,0,0,-1,0,1,v1 + v2*1i
0,0,-2,0,0,0,2,0,-v1
0,0,-2,0,0,0,-2,0,-v1
0,0,-2,0,0,0,1,1,v2*1i - v1
0,0,-2,0,0,0,-1,-1,v2*1i - v1
0,0,-2,0,0,0,1,-1,v1 - v2*1i
0,0,-2,0,0,0,-1,1,v1 - v2*1i
0,0,-2,0,0,0,0,2,v1
0,0,-2,0,0,0,0,-2,v1
0,0,1,1,2,0,0,0,v1
0,0,1,1,-2,0,0,0,v1
0,0,1,1,1,1,0,0,v1 + v2*1i
0,0,1,1,-1,-1,0,0,v1 + v2*1i
0,0,1,1,1,-1,0,0,v1 + v2*1i
0,0,1,1,-1,1,0,0,v1 + v2*1i
0,0,1,1,1,0,1,0,v1 + v2*1i
0,0,1,1,-1,0,-1,0,v1 + v2*1i
0,0,1,1,1,0,-1,0,- v1 - v2*1i
0,0,1,1,-1,0,1,0,- v1 - v2*1i
0,0,1,1,1,0,0,1,v1 + v2*1i
0,0,1,1,-1,0,0,-1,v1 + v2*1i
0,0,1,1,1,0,0,-1,- v1 - v2*1i
0,0,1,1,-1,0,0,1,- v1 - v2*1i
0,0,1,1,0,2,0,0,v1
0,0,1,1,0,-2,0,0,v1
0,0,1,1,0,1,1,0,v1 + v2*1i
0,0,1,1,0,-1,-1,0,v1 + v2*1i
0,0,1,1,0,1,-1,0,- v1 - v2*1i
0,0,1,1,0,-1,1,0,- v1 - v2*1i
0,0,1,1,0,1,0,1,v1 + v2*1i
0,0,1,1,0,-1,0,-1,v1 + v2*1i
0,0,1,1,0,1,0,-1,- v1 - v2*1i
0,0,1,1,0,-1,0,1,- v1 - v2*1i
0,0,1,1,0,0,2,0,-v1
0,0,1,1,0,0,-2,0,-v1
0,0,1,1,0,0,1,1,- v1 - v2*1i
0,0,1,1,0,0,-1,-1,- v1 - v2*1i
0,0,1,1,0,0,1,-1,v2*1i - v1
0,0,1,1,0,0,-1,1,v2*1i - v1
0,0,1,1,0,0,0,2,-v1
0,0,1,1,0,0,0,-2,-v1
0,0,-1,-1,2,0,0,0,v1
0,0,-1,-1,-2,0,0,0,v1
0,0,-1,-1,1,1,0,0,v1 + v2*1i
0,0,-1,-1,-1,-1,0,0,v1 + v2*1i
0,0,-1,-1,1,-1,0,0,v1 + v2*1i
0,0,-1,-1,-1,1,0,0,v1 + v2*1i
0,0,-1,-1,1,0,1,0,- v1 - v2*1i
0,0,-1,-1,-1,0,-1,0,- v1 - v2*1i
0,0,-1,-1,1,0,-1,0,v1 + v2*1i
0,0,-1,-1,-1,0,1,0,v1 + v2*1i
0,0,-1,-1,1,0,0,1,- v1 - v2*1i
0,0,-1,-1,-1,0,0,-1,- v1 - v2*1i
0,0,-1,-1,1,0,0,-1,v1 + v2*1i
0,0,-1,-1,-1,0,0,1,v1 + v2*1i
0,0,-1,-1,0,2,0,0,v1
0,0,-1,-1,0,-2,0,0,v1
0,0,-1,-1,0,1,1,0,- v1 - v2*1i
0,0,-1,-1,0,-1,-1,0,- v1 - v2*1i
0,0,-1,-1,0,1,-1,0,v1 + v2*1i
0,0,-1,-1,0,-1,1,0,v1 + v2*1i
0,0,-1,-1,0,1,0,1,- v1 - v2*1i
0,0,-1,-1,0,-1,0,-1,- v1 - v2*1i
0,0,-1,-1,0,1,0,-1,v1 + v2*1i
0,0,-1,-1,0,-1,0,1,v1 + v2*1i
0,0,-1,-1,0,0,2,0,-v1
0,0,-1,-1,0,0,-2,0,-v1
0,0,-1,-1,0,0,1,1,- v1 - v2*1i
0,0,-1,-1,0,0,-1,-1,- v1 - v2*1i
0,0,-1,-1,0,0,1,-1,v2*1i - v1
0,0,-1,-1,0,0,-1,1,v2*1i - v1
0,0,-1,-1,0,0,0,2,-v1
0,0,-1,-1,0,0,0,-2,-v1
0,0,1,-1,2,0,0,0,v1
0,0,1,-1,-2,0,0,0,v1
0,0,1,-1,1,1,0,0,v1 + v2*1i
0,0,1,-1,-1,-1,0,0,v1 + v2*1i
0,0,1,-1,1,-1,0,0,v1 + v2*1i
0,0,1,-1,-1,1,0,0,v1 + v2*1i
0,0,1,-1,1,0,1,0,- v1 - v2*1i
0,0,1,-1,-1,0,-1,0,- v1 - v2*1i
0,0,1,-1,1,0,-1,0,- v1 - v2*1i
0,0,1,-1,-1,0,1,0,- v1 - v2*1i
0,0,1,-1,1,0,0,1,v1 + v2*1i
0,0,1,-1,-1,0,0,-1,v1 + v2*1i
0,0,1,-1,1,0,0,-1,v1 + v2*1i
0,0,1,-1,-1,0,0,1,v1 + v2*1i
0,0,1,-1,0,2,0,0,v1
0,0,1,-1,0,-2,0,0,v1
0,0,1,-1,0,1,1,0,- v1 - v2*1i
0,0,1,-1,0,-1,-1,0,- v1 - v2*1i
0,0,1,-1,0,1,-1,0,- v1 - v2*1i
0,0,1,-1,0,-1,1,0,- v1 - v2*1i
0,0,1,-1,0,1,0,1,v1 + v2*1i
0,0,1,-1,0,-1,0,-1,v1 + v2*1i
0,0,1,-1,0,1,0,-1,v1 + v2*1i
0,0,1,-1,0,-1,0,1,v1 + v2*1i
0,0,1,-1,0,0,2,0,v1
0,0,1,-1,0,0,-2,0,v1
0,0,1,-1,0,0,1,1,v2*1i - v1
0,0,1,-1,0,0,-1,-1,v2*1i - v1
0,0,1,-1,0,0,1,-1,- v1 - v2*1i
0,0,1,-1,0,0,-1,1,- v1 - v2*1i
0,0,1,-1,0,0,0,2,v1
0,0,1,-1,0,0,0,-2,v1
0,0,-1,1,2,0,0,0,v1
0,0,-1,1,-2,0,0,0,v1
0,0,-1,1,1,1,0,0,v1 + v2*1i
0,0,-1,1,-1,-1,0,0,v1 + v2*1i
0,0,-1,1,1,-1,0,0,v1 + v2*1i
0,0,-1,1,-1,1,0,0,v1 + v2*1i
0,0,-1,1,1,0,1,0,v1 + v2*1i
0,0,-1,1,-1,0,-1,0,v1 + v2*1i
0,0,-1,1,1,0,-1,0,v1 + v2*1i
0,0,-1,1,-1,0,1,0,v1 + v2*1i
0,0,-1,1,1,0,0,1,- v1 - v2*1i
0,0,-1,1,-1,0,0,-1,- v1 - v2*1i
0,0,-1,1,1,0,0,-1,- v1 - v2*1i
0,0,-1,1,-1,0,0,1,- v1 - v2*1i
0,0,-1,1,0,2,0,0,v1
0,0,-1,1,0,-2,0,0,v1
0,0,-1,1,0,1,1,0,v1 + v2*1i
0,0,-1,1,0,-1,-1,0,v1 + v2*1i
0,0,-1,1,0,1,-1,0,v1 + v2*1i
0,0,-1,1,0,-1,1,0,v1 + v2*1i
0,0,-1,1,0,1,0,1,- v1 - v2*1i
0,0,-1,1,0,-1,0,-1,- v1 - v2*1i
0,0,-1,1,0,1,0,-1,- v1 - v2*1i
0,0,-1,1,0,-1,0,1,- v1 - v2*1i
0,0,-1,1,0,0,2,0,v1
0,0,-1,1,0,0,-2,0,v1
0,0,-1,1,0,0,1,1,v2*1i - v1
0,0,-1,1,0,0,-1,-1,v2*1i - v1
0,0,-1,1,0,0,1,-1,- v1 - v2*1i
0,0,-1,1,0,0,-1,1,- v1 - v2*1i
0,0,-1,1,0,0,0,2,v1
0,0,-1,1,0,0,0,-2,v1
0,0,0,2,2,0,0,0,v1
0,0,0,2,-2,0,0,0,v1
0,0,0,2,1,1,0,0,v1 + v2*1i
0,0,0,2,-1,-1,0,0,v1 + v2*1i
0,0,0,2,1,-1,0,0,v1 + v2*1i
0,0,0,2,-1,1,0,0,v1 + v2*1i
0,0,0,2,1,0,1,0,v1 + v2*1i
0,0,0,2,-1,0,-1,0,v1 + v2*1i
0,0,0,2,1,0,-1,0,v1 + v2*1i
0,0,0,2,-1,0,1,0,v1 + v2*1i
0,0,0,2,1,0,0,1,v1 + v2*1i
0,0,0,2,-1,0,0,-1,v1 + v2*1i
0,0,0,2,1,0,0,-1,- v1 - v2*1i
0,0,0,2,-1,0,0,1,- v1 - v2*1i
0,0,0,2,0,2,0,0,v1
0,0,0,2,0,-2,0,0,v1
0,0,0,2,0,1,1,0,v1 + v2*1i
0,0,0,2,0,-1,-1,0,v1 + v2*1i
0,0,0,2,0,1,-1,0,v1 + v2*1i
0,0,0,2,0,-1,1,0,v1 + v2*1i
0,0,0,2,0,1,0,1,v1 + v2*1i
0,0,0,2,0,-1,0,-1,v1 + v2*1i
0,0,0,2,0,1,0,-1,- v1 - v2*1i
0,0,0,2,0,-1,0,1,- v1 - v2*1i
0,0,0,2,0,0,2,0,v1
0,0,0,2,0,0,-2,0,v1
0,0,0,2,0,0,1,1,v1 + v2*1i
0,0,0,2,0,0,-1,-1,v1 + v2*1i
0,0,0,2,0,0,1,-1,- v1 - v2*1i
0,0,0,2,0,0,-1,1,- v1 - v2*1i
0,0,0,2,0,0,0,2,-v1
0,0,0,2,0,0,0,-2,-v1
0,0,0,-2,2,0,0,0,v1
0,0,0,-2,-2,0,0,0,v1
0,0,0,-2,1,1,0,0,v1 + v2*1i
0,0,0,-2,-1,-1,0,0,v1 + v2*1i
0,0,0,-2,1,-1,0,0,v1 + v2*1i
0,0,0,-2,-1,1,0,0,v1 + v2*1i
0,0,0,-2,1,0,1,0,v1 + v2*1i
0,0,0,-2,-1,0,-1,0,v1 + v2*1i
0,0,0,-2,1,0,-1,0,v1 + v2*1i
0,0,0,-2,-1,0,1,0,v1 + v2*1i
0,0,0,-2,1,0,0,1,- v1 - v2*1i
0,0,0,-2,-1,0,0,-1,- v1 - v2*1i
0,0,0,-2,1,0,0,-1,v1 + v2*1i
0,0,0,-2,-1,0,0,1,v1 + v2*1i
0,0,0,-2,0,2,0,0,v1
0,0,0,-2,0,-2,0,0,v1
0,0,0,-2,0,1,1,0,v1 + v2*1i
0,0,0,-2,0,-1,-1,0,v1 + v2*1i
0,0,0,-2,0,1,-1,0,v1 + v2*1i
0,0,0,-2,0,-1,1,0,v1 + v2*1i
0,0,0,-2,0,1,0,1,- v1 - v2*1i
0,0,0,-2,0,-1,0,-1,- v1 - v2*1i
0,0,0,-2,0,1,0,-1,v1 + v2*1i
0,0,0,-2,0,-1,0,1,v1 + v2*1i
0,0,0,-2,0,0,2,0,v1
0,0,0,-2,0,0,-2,0,v1
0,0,0,-2,0,0,1,1,- v1 - v2*1i
0,0,0,-2,0,0,-1,-1,- v1 - v2*1i
0,0,0,-2,0,0,1,-1,v1 + v2*1i
0,0,0,-2,0,0,-1,1,v1 + v2*1i
0,0,0,-2,0,0,0,2,-v1
0,0,0,-2,0,0,0,-2,-v1
